0.0 0.0 0.0 0.0 0.0 0.0 0.0 5.999999999999995 14.00000000000002 0.0 4.0 0.0 0.0 0.0 0.0 0.0 0.0 0.0 0.0 0.0 0.0 3.000000000000001 17.000000000000004 0.0 0.0 0.0 0.0 0.0 0.0 0.0 4.0 0.0 0.0 0.0 0.0 0.0 0.0 0.0 0.0 0.0 0.0 3.000000000000001 12.99999999999999 4.000000000000001 0.0 0.0 0.0 0.0 0.0 0.0 3.4 0.6 0.0 0.0 0.0 0.0 0.0 0.0 0.0 0.0 0.0 0.0 0.0 0.0 0.0 0.0 0.7142857142857143 0.0 0.0 4.0 0.0 0.0 0.0 0.0 0.0 0.0 0.0 0.0 0.0 0.0 0.0 0.0 0.0 0.0 0.0 0.7142857142857143 0.0 0.0 0.0 0.0 1.0 1.4 1.6 0.0 0.0
0.0 0.0 0.0 0.0 0.0 0.0 0.0 0.0 20.000000000000025 0.0 4.0 0.0 0.0 0.0 0.0 0.0 0.0 0.0 0.0 0.0 0.0 18.000000000000004 2.0000000000000004 0.0 0.0 0.0 0.0 0.0 0.0 0.0 0.0 4.0 0.0 0.0 0.0 0.0 0.0 0.0 2.25 9.000000000000002 2.0000000000000004 0.0 0.0 0.0 0.0 0.0 0.0 0.0 0.0 0.0 0.0 2.2 1.8 0.0 0.0 0.0 0.0 0.0 0.0 0.0 0.0 0.0 0.0 0.0 0.0 0.0 0.7142857142857143 3.6 0.4 0.0 0.0 0.0 0.0 0.0 0.0 0.0 0.0 0.0 0.0 0.0 0.0 0.0 0.0 0.0 0.0 0.7142857142857143 0.0 0.0 0.0 0.0 0.0 2.0 2.0 0.0 0.0
0.0 0.0 0.0 0.0 0.0 0.0 0.0 19.999999999999982 0.0 0.0 0.0 4.0 0.0 0.0 0.0 0.0 0.0 0.0 0.0 0.0 0.0 0.0 0.0 0.0 20.000000000000007 0.0 0.0 0.0 0.0 0.0 0.0 0.0 4.0 0.0 0.0 0.0 0.0 0.0 0.0 0.0 0.0 0.0 0.0 20.000000000000007 0.0 0.0 0.0 0.0 0.0 0.0 0.0 0.0 0.4 0.8 0.8 0.8 0.1 0.0 0.0 0.0 0.0 0.0 0.0 0.0 1.9999999999999982 18.00000000000002 0.0 0.0 0.0 0.0 4.0 0.0 0.0 0.0 0.0 0.0 0.0 0.0 0.0 0.0 0.0 0.0 0.0 19.999999999999982 0.0 0.0 0.0 0.0 0.0 0.0 0.0 4.0 0.0 0.0 0.0
0.0 0.0 0.0 0.0 0.0 0.0 0.0 7.999999999999993 12.000000000000016 0.0 4.0 0.0 0.0 0.0 0.0 0.0 0.0 0.0 0.0 0.0 0.0 20.000000000000007 0.0 0.0 0.0 0.0 0.0 0.0 0.0 0.0 0.0 4.0 0.0 0.0 0.0 0.0 0.0 0.0 0.0 0.0 0.0 20.000000000000007 0.0 0.0 0.0 0.0 0.0 0.0 0.0 0.0 4.0 0.0 0.0 0.0 0.0 0.0 0.0 0.0 0.0 0.0 0.0 0.0 0.0 0.0 0.0 0.0 0.7142857142857143 0.0 4.0 0.0 0.0 0.0 0.0 0.0 0.0 0.0 0.0 0.0 0.0 0.0 0.0 0.0 0.0 0.0 0.0 0.7142857142857143 0.0 0.0 0.0 0.0 0.0 1.4 0.2 1.4 0.08333333333333334
0.0 0.0 0.0 0.0 0.0 0.0 0.0 0.0 20.000000000000025 0.0 4.0 0.0 0.0 0.0 0.0 0.0 0.0 0.0 0.0 0.0 0.0 0.0 0.0 0.0 20.000000000000007 0.0 0.0 0.0 0.0 0.0 0.0 0.0 4.0 0.0 0.0 0.0 0.0 0.0 0.0 0.0 19.000000000000004 1.0000000000000002 0.0 0.0 0.0 0.0 0.0 0.0 0.0 0.0 0.2 3.8 0.0 0.0 0.0 0.0 0.0 0.0 0.0 0.0 0.0 0.0 0.0 0.0 0.0 0.0 0.7142857142857143 0.0 4.0 0.0 0.0 0.0 0.0 0.0 0.0 0.0 0.0 0.0 0.0 0.0 0.0 0.0 0.0 0.0 0.0 0.7142857142857143 0.0 0.0 0.0 0.0 0.0 4.0 0.0 0.0 0.0
0.0 0.0 0.0 0.0 0.0 0.0 0.0 0.0 20.000000000000025 0.0 4.0 0.0 0.0 0.0 0.0 0.0 0.0 0.0 0.0 0.0 0.0 20.000000000000007 0.0 0.0 0.0 0.0 0.0 0.0 0.0 0.0 0.0 4.0 0.0 0.0 0.0 0.0 0.0 0.0 0.0 0.0 20.000000000000007 0.0 0.0 0.0 0.0 0.0 0.0 0.0 0.0 0.0 4.0 0.0 0.0 0.0 0.0 0.0 0.0 0.0 0.0 0.0 0.0 0.0 0.0 0.0 0.0 0.0 0.7142857142857143 0.0 4.0 0.0 0.0 0.0 0.0 0.0 0.0 0.0 0.0 0.0 0.0 0.0 0.0 0.0 0.0 0.0 0.0 0.7142857142857143 0.0 0.0 0.0 0.0 0.0 0.0 4.0 0.0 0.0
0.0 0.0 0.0 0.0 0.0 0.0 0.0 9.999999999999991 10.000000000000012 0.0 4.0 0.0 0.0 0.0 0.0 0.0 0.0 0.0 0.0 0.0 3.000000000000001 15.000000000000004 2.0000000000000004 0.0 0.0 0.0 0.0 0.0 0.0 0.0 4.0 0.0 0.0 0.0 0.0 0.0 0.0 0.0 0.0 0.0 14.000000000000004 6.000000000000002 0.0 0.0 0.0 0.0 0.0 0.0 0.0 0.0 0.2 1.4 2.4 0.0 0.0 0.0 0.0 0.0 0.0 0.0 0.0 0.0 0.0 10.000000000000004 2.9999999999999973 0.0 0.25 0.0 1.4 2.6 0.0 0.0 0.0 0.0 0.0 0.0 0.0 0.0 0.0 0.0 0.0 0.0 1.0000000000000002 13.99999999999999 1.0000000000000013 0.14285714285714285 0.0 0.0 0.0 0.0 2.2 0.4 0.0 0.0 0.11666666666666667
0.0 0.0 0.0 0.0 0.0 0.0 0.0 19.999999999999982 0.0 0.0 0.0 4.0 0.0 0.0 0.0 0.0 0.0 0.0 0.0 0.0 0.0 0.0 20.000000000000007 0.0 0.0 0.0 0.0 0.0 0.0 0.0 0.0 4.0 0.0 0.0 0.0 0.0 0.0 0.0 0.0 0.0 0.0 0.0 0.0 9.000000000000002 11.000000000000004 0.0 0.0 0.0 0.0 0.0 0.8 3.2 0.0 0.0 0.0 0.0 0.0 0.0 0.0 0.0 0.0 0.0 0.0 0.0 0.0 2.0000000000000027 0.6428571428571429 0.0 0.0 1.4 2.6 0.0 0.0 0.0 0.0 0.0 0.0 0.0 0.0 0.0 0.0 0.0 0.0 0.0 0.0 0.7142857142857143 0.0 0.0 0.0 0.0 0.6 3.4 0.0 0.0 0.0
0.0 0.0 0.0 0.0 0.0 0.0 0.0 19.999999999999982 0.0 0.0 0.0 4.0 0.0 0.0 0.0 0.0 0.0 0.0 0.0 0.0 17.000000000000004 3.000000000000001 0.0 0.0 0.0 0.0 0.0 0.0 0.0 0.0 0.0 0.4 3.6 0.0 0.0 0.0 0.0 0.0 0.0 0.0 0.0 20.000000000000007 0.0 0.0 0.0 0.0 0.0 0.0 4.0 0.0 0.0 0.0 0.0 0.0 0.0 0.0 0.0 0.0 0.0 0.0 0.0 0.0 0.0 0.0 0.0 0.0 0.7142857142857143 0.0 4.0 0.0 0.0 0.0 0.0 0.0 0.0 0.0 0.0 0.0 0.0 0.0 0.0 0.0 0.0 0.0 0.0 0.7142857142857143 0.0 0.0 0.0 0.0 0.0 4.0 0.0 0.0 0.0
0.0 0.0 0.0 0.0 0.0 0.0 20.000000000000007 0.0 0.0 0.0 0.0 3.2 0.8 0.0 0.0 0.0 0.0 0.0 0.0 0.0 1.0000000000000002 4.000000000000001 9.000000000000002 2.9999999999999973 0.0 1.0000000000000002 1.9999999999999982 0.0 0.0 0.0 0.4 1.8 1.2 0.0 0.0 0.0 0.6 0.0 0.0 0.0 0.0 0.0 0.0 0.0 15.000000000000004 2.9999999999999973 1.0000000000000013 0.03571428571428571 0.0 3.4 0.6 0.0 0.0 0.0 0.0 0.0 0.0 0.0 0.0 0.0 0.0 0.0 0.0 0.0 0.0 0.0 0.7142857142857143 2.4 1.6 0.0 0.0 0.0 0.0 0.0 0.0 0.0 0.0 0.0 0.0 0.0 0.0 0.0 0.0 0.0 0.0 0.7142857142857143 0.0 0.0 0.0 0.0 0.0 0.4 1.4 2.2 0.0
0.0 0.0 0.0 0.0 0.0 0.0 0.0 0.0 0.0 0.7142857142857143 4.0 0.0 0.0 0.0 0.0 0.0 0.0 0.0 0.0 0.0 0.0 0.0 8.000000000000002 11.99999999999999 0.0 0.0 0.0 0.0 0.0 0.0 4.0 0.0 0.0 0.0 0.0 0.0 0.0 0.0 0.0 0.0 0.0 20.000000000000007 0.0 0.0 0.0 0.0 0.0 0.0 0.0 0.0 0.4 3.6 0.0 0.0 0.0 0.0 0.0 0.0 0.0 0.0 0.0 0.0 0.0 0.0 0.0 0.0 0.7142857142857143 0.0 4.0 0.0 0.0 0.0 0.0 0.0 0.0 0.0 0.0 0.0 0.0 0.0 0.0 0.0 0.0 0.0 0.0 0.7142857142857143 0.0 0.0 0.0 0.0 2.2 1.8 0.0 0.0 0.0
0.0 0.0 0.0 0.0 0.0 0.0 9.000000000000002 10.99999999999999 0.0 0.0 0.0 4.0 0.0 0.0 0.0 0.0 0.0 0.0 0.0 0.0 0.0 0.0 13.000000000000004 6.999999999999995 0.0 0.0 0.0 0.0 0.0 0.0 0.0 4.0 0.0 0.0 0.0 0.0 0.0 0.0 0.0 0.0 0.0 0.0 19.999999999999982 0.0 0.0 0.0 0.0 0.0 0.0 0.0 0.0 4.0 0.0 0.0 0.0 0.0 0.0 0.0 0.0 0.0 0.0 0.0 0.0 0.0 0.0 0.0 0.7142857142857143 0.0 0.0 4.0 0.0 0.0 0.0 0.0 0.0 0.0 0.0 0.0 0.0 0.0 0.0 0.0 0.0 0.0 0.0 0.7142857142857143 0.0 0.0 0.0 0.0 0.0 4.0 0.0 0.0 0.0
0.0 0.0 0.0 0.0 0.0 0.0 0.0 19.999999999999982 0.0 0.0 4.0 0.0 0.0 0.0 0.0 0.0 0.0 0.0 0.0 0.0 0.0 0.0 15.000000000000004 0.9999999999999991 1.0000000000000002 1.0000000000000002 0.9999999999999991 1.0000000000000013 0.0 0.0 0.0 3.2 0.8 0.0 0.0 0.0 0.0 0.0 0.0 0.0 8.000000000000002 8.000000000000002 0.9999999999999991 1.0000000000000002 1.0000000000000002 0.9999999999999991 0.0 0.0 0.0 0.0 0.6 3.4 0.0 0.0 0.0 0.0 0.0 0.0 0.0 0.0 0.0 0.0 0.0 0.0 0.0 0.0 0.7142857142857143 0.0 4.0 0.0 0.0 0.0 0.0 0.0 0.0 0.0 0.0 0.0 0.0 0.0 0.0 0.0 0.0 0.0 0.0 0.7142857142857143 0.0 0.0 0.0 0.0 0.0 4.0 0.0 0.0 0.0
0.0 0.0 0.0 0.0 0.0 0.0 20.000000000000007 0.0 0.0 0.0 0.0 4.0 0.0 0.0 0.0 0.0 0.0 0.0 0.0 0.0 0.0 0.0 10.000000000000004 6.999999999999995 3.000000000000001 0.0 0.0 0.0 0.0 0.0 0.0 4.0 0.0 0.0 0.0 0.0 0.0 0.0 0.0 0.0 0.0 6.000000000000002 13.99999999999999 0.0 0.0 0.0 0.0 0.0 0.0 0.0 0.0 3.0 1.0 0.0 0.0 0.0 0.0 0.0 0.0 0.0 0.0 0.0 0.0 0.0 0.0 0.0 0.7142857142857143 0.0 0.0 4.0 0.0 0.0 0.0 0.0 0.0 0.0 0.0 0.0 0.0 0.0 0.0 0.0 0.0 0.0 0.0 0.7142857142857143 0.0 0.0 0.0 0.0 0.0 4.0 0.0 0.0 0.0
0.0 0.0 0.0 0.0 0.0 0.0 20.000000000000007 0.0 0.0 0.0 0.0 4.0 0.0 0.0 0.0 0.0 0.0 0.0 0.0 0.0 0.0 0.0 20.000000000000007 0.0 0.0 0.0 0.0 0.0 0.0 0.0 0.0 4.0 0.0 0.0 0.0 0.0 0.0 0.0 0.0 0.0 0.0 0.0 0.0 0.0 13.000000000000004 6.999999999999995 0.0 0.0 4.0 0.0 0.0 0.0 0.0 0.0 0.0 0.0 0.0 0.0 0.0 0.0 0.0 0.0 0.0 0.0 0.0 0.0 0.7142857142857143 4.0 0.0 0.0 0.0 0.0 0.0 0.0 0.0 0.0 0.0 0.0 0.0 0.0 0.0 0.0 0.0 0.0 1.0000000000000013 0.6785714285714286 0.0 0.0 0.0 0.0 0.0 3.8 0.2 0.0 0.0
0.0 0.0 0.0 0.0 0.0 0.0 0.0 0.0 0.0 0.7142857142857143 4.0 0.0 0.0 0.0 0.0 0.0 0.0 0.0 0.0 0.0 0.0 0.0 20.000000000000007 0.0 0.0 0.0 0.0 0.0 0.0 0.0 0.0 4.0 0.0 0.0 0.0 0.0 0.0 0.0 0.0 0.0 0.0 20.000000000000007 0.0 0.0 0.0 0.0 0.0 0.0 0.0 0.0 0.0 4.0 0.0 0.0 0.0 0.0 0.0 0.0 0.0 0.0 0.0 0.0 0.0 0.0 0.0 0.0 0.7142857142857143 0.0 4.0 0.0 0.0 0.0 0.0 0.0 0.0 0.0 0.0 0.0 0.0 0.0 0.0 0.0 0.0 0.0 0.0 0.7142857142857143 0.0 0.0 0.0 0.0 0.0 0.8 3.2 0.0 0.0
0.0 0.0 0.0 0.0 0.0 0.0 0.0 0.0 20.000000000000025 0.0 4.0 0.0 0.0 0.0 0.0 0.0 0.0 0.0 0.0 0.0 0.0 0.0 20.000000000000007 0.0 0.0 0.0 0.0 0.0 0.0 0.0 0.8 3.2 0.0 0.0 0.0 0.0 0.0 0.0 0.0 0.0 4.000000000000001 3.000000000000001 3.9999999999999964 9.000000000000002 0.0 0.0 0.0 0.0 0.0 0.0 3.0 1.0 0.0 0.0 0.0 0.0 0.0 0.0 0.0 0.0 0.0 0.0 0.0 0.0 0.0 0.0 0.7142857142857143 0.0 2.8 1.2 0.0 0.0 0.0 0.0 0.0 0.0 0.0 0.0 0.0 0.0 0.0 0.0 0.0 0.0 0.0 0.7142857142857143 0.0 0.0 0.0 0.0 0.0 4.0 0.0 0.0 0.0
0.0 0.0 0.0 0.0 0.0 0.0 0.0 19.999999999999982 0.0 0.0 0.0 3.4 0.6 0.0 0.0 0.0 0.0 0.0 0.0 0.0 0.0 0.0 1.0000000000000002 6.999999999999995 4.000000000000001 8.000000000000002 0.0 0.0 0.0 0.0 0.0 3.2 0.4 0.4 0.0 0.0 0.0 0.0 0.0 0.0 0.0 15.000000000000004 4.999999999999996 0.0 0.0 0.0 0.0 0.0 0.0 0.0 0.0 0.6 1.6 1.8 0.0 0.0 0.0 0.0 0.0 0.0 0.0 0.0 0.0 0.0 0.0 0.0 0.7142857142857143 0.0 3.2 0.8 0.0 0.0 0.0 0.0 0.0 0.0 0.0 0.0 0.0 0.0 0.0 0.0 0.0 0.0 0.0 0.7142857142857143 0.0 0.0 0.0 0.0 0.0 4.0 0.0 0.0 0.0
0.0 0.0 0.0 0.0 0.0 0.0 0.0 0.0 0.0 0.7142857142857143 4.0 0.0 0.0 0.0 0.0 0.0 0.0 0.0 0.0 0.0 0.0 0.0 16.000000000000004 3.9999999999999964 0.0 0.0 0.0 0.0 0.0 0.0 0.0 4.0 0.0 0.0 0.0 0.0 0.0 0.0 0.0 0.0 0.0 0.0 0.0 0.0 0.0 0.0 0.0 0.7142857142857143 4.0 0.0 0.0 0.0 0.0 0.0 0.0 0.0 0.0 0.0 0.0 0.0 0.0 0.0 0.0 0.0 0.0 0.0 0.7142857142857143 4.0 0.0 0.0 0.0 0.0 0.0 0.0 0.0 0.0 0.0 0.0 0.0 0.0 0.0 0.0 0.0 0.0 0.0 0.7142857142857143 0.0 0.0 0.0 0.0 1.4 0.4 2.2 0.0 0.0
0.0 0.0 0.0 0.0 0.0 0.0 0.0 0.0 20.000000000000025 0.0 4.0 0.0 0.0 0.0 0.0 0.0 0.0 0.0 0.0 0.0 0.0 0.0 11.000000000000004 8.999999999999991 0.0 0.0 0.0 0.0 0.0 0.0 4.0 0.0 0.0 0.0 0.0 0.0 0.0 0.0 0.0 0.0 0.0 1.0000000000000002 2.9999999999999973 16.000000000000004 0.0 0.0 0.0 0.0 0.0 0.0 1.6 2.4 0.0 0.0 0.0 0.0 0.0 0.0 0.0 0.0 0.0 0.0 0.0 0.0 0.0 20.000000000000025 0.0 0.0 0.0 1.0 3.0 0.0 0.0 0.0 0.0 0.0 0.0 0.0 0.0 0.0 0.0 0.0 0.0 0.0 0.0 0.7142857142857143 0.0 0.0 0.0 0.0 0.2 3.8 0.0 0.0 0.0
0.0 0.0 0.0 0.0 0.0 0.0 13.000000000000004 6.999999999999995 0.0 0.0 0.0 2.6 1.4 0.0 0.0 0.0 0.0 0.0 0.0 0.0 0.0 0.0 0.0 0.0 0.0 0.0 2.9999999999999973 5.000000000000006 0.42857142857142855 0.0 0.0 0.2 3.8 0.0 0.0 0.0 0.0 0.0 0.0 0.0 0.0 0.0 0.0 0.0 1.0000000000000002 8.999999999999991 5.000000000000006 0.17857142857142858 2.4 1.6 0.0 0.0 0.0 0.0 0.0 0.0 0.0 0.0 0.0 0.0 0.0 0.0 0.0 0.0 0.0 0.0 0.7142857142857143 0.0 0.0 4.0 0.0 0.0 0.0 0.0 0.0 0.0 0.0 0.0 0.0 0.0 0.0 0.0 0.0 0.0 0.0 0.7142857142857143 0.0 0.0 0.0 0.0 0.4 3.6 0.0 0.0 0.0
0.0 0.0 0.0 0.0 0.0 0.0 8.000000000000002 11.99999999999999 0.0 0.0 0.0 2.4 1.6 0.0 0.0 0.0 0.0 0.0 0.0 0.0 0.0 9.000000000000002 4.000000000000001 0.9999999999999991 0.0 1.0000000000000002 0.0 1.0000000000000013 0.14285714285714285 0.0 0.0 3.0 1.0 0.0 0.0 0.0 0.0 0.0 0.0 0.0 0.0 1.0000000000000002 6.999999999999995 6.000000000000002 1.0000000000000002 0.0 1.0000000000000013 0.14285714285714285 0.0 0.0 3.2 0.8 0.0 0.0 0.0 0.0 0.0 0.0 0.0 0.0 0.0 0.0 0.0 0.0 0.0 0.0 0.7142857142857143 0.0 0.4 3.6 0.0 0.0 0.0 0.0 0.0 0.0 0.0 0.0 0.0 0.0 0.0 0.0 0.0 0.0 0.0 0.7142857142857143 0.0 0.0 0.0 0.0 0.2 3.8 0.0 0.0 0.0
0.0 0.0 0.0 0.0 0.0 0.0 0.0 0.9999999999999991 19.000000000000025 0.0 4.0 0.0 0.0 0.0 0.0 0.0 0.0 0.0 0.0 0.0 0.0 5.000000000000002 15.000000000000004 0.0 0.0 0.0 0.0 0.0 0.0 0.0 1.2 2.8 0.0 0.0 0.0 0.0 0.0 0.0 0.0 0.0 0.0 20.000000000000007 0.0 0.0 0.0 0.0 0.0 0.0 0.0 0.0 0.0 4.0 0.0 0.0 0.0 0.0 0.0 0.0 0.0 0.0 0.0 0.0 0.0 0.0 0.0 0.0 0.7142857142857143 0.0 4.0 0.0 0.0 0.0 0.0 0.0 0.0 0.0 0.0 0.0 0.0 0.0 0.0 0.0 0.0 0.0 0.0 0.7142857142857143 0.0 0.0 0.0 0.0 0.0 2.6 1.4 0.0 0.0
0.0 0.0 0.0 0.0 0.0 0.0 0.0 6.999999999999995 13.000000000000018 0.0 4.0 0.0 0.0 0.0 0.0 0.0 0.0 0.0 0.0 0.0 20.000000000000007 0.0 0.0 0.0 0.0 0.0 0.0 0.0 0.0 0.0 0.0 0.0 4.0 0.0 0.0 0.0 0.0 0.0 0.0 1.0000000000000002 19.000000000000004 0.0 0.0 0.0 0.0 0.0 0.0 0.0 0.0 0.0 0.2 3.8 0.0 0.0 0.0 0.0 0.0 0.0 0.0 0.0 0.0 0.0 0.0 0.0 0.0 0.0 0.7142857142857143 0.0 4.0 0.0 0.0 0.0 0.0 0.0 0.0 0.0 0.0 0.0 0.0 0.0 0.0 0.0 0.0 0.0 0.0 0.7142857142857143 0.0 0.0 0.0 0.0 0.0 0.0 4.0 0.0 0.0
0.0 0.0 0.0 0.0 0.0 0.0 0.0 0.0 0.0 0.7142857142857143 4.0 0.0 0.0 0.0 0.0 0.0 0.0 0.0 0.0 0.0 0.0 0.0 20.000000000000007 0.0 0.0 0.0 0.0 0.0 0.0 0.0 0.0 4.0 0.0 0.0 0.0 0.0 0.0 0.0 0.0 0.0 0.0 20.000000000000007 0.0 0.0 0.0 0.0 0.0 0.0 0.0 0.0 0.0 4.0 0.0 0.0 0.0 0.0 0.0 0.0 0.0 0.0 0.0 0.0 0.0 0.0 0.0 0.0 0.7142857142857143 0.0 4.0 0.0 0.0 0.0 0.0 0.0 0.0 0.0 0.0 0.0 0.0 0.0 0.0 0.0 0.0 0.0 0.0 0.7142857142857143 0.0 0.0 0.0 0.0 0.0 0.0 4.0 0.0 0.0
0.0 0.0 0.0 0.0 0.0 0.0 20.000000000000007 0.0 0.0 0.0 0.0 0.0 0.0 4.0 0.0 0.0 0.0 0.0 0.0 0.0 0.0 0.0 0.0 7.999999999999993 12.000000000000004 0.0 0.0 0.0 0.0 0.0 0.0 4.0 0.0 0.0 0.0 0.0 0.0 0.0 0.0 0.0 0.0 0.0 0.0 0.0 9.000000000000002 10.99999999999999 0.0 0.0 3.2 0.8 0.0 0.0 0.0 0.0 0.0 0.0 0.0 0.0 0.0 0.0 0.0 0.0 0.0 0.0 0.0 0.0 0.7142857142857143 0.0 0.0 3.2 0.8 0.0 0.0 0.0 0.0 0.0 0.0 0.0 0.0 0.0 0.0 0.0 0.0 0.0 0.0 0.7142857142857143 0.0 0.0 0.0 1.0 3.0 0.0 0.0 0.0 0.0
0.0 0.0 0.0 0.0 0.0 0.0 7.000000000000002 12.99999999999999 0.0 0.0 0.0 4.0 0.0 0.0 0.0 0.0 0.0 0.0 0.0 0.0 0.0 0.0 0.0 13.99999999999999 6.000000000000002 0.0 0.0 0.0 0.0 0.0 0.0 4.0 0.0 0.0 0.0 0.0 0.0 0.0 0.0 0.0 0.0 3.000000000000001 12.99999999999999 4.000000000000001 0.0 0.0 0.0 0.0 0.0 0.0 0.0 0.0 2.6 0.8 0.0 0.6 0.0 0.0 0.0 0.0 0.0 0.0 0.0 0.0 0.0 20.000000000000025 0.0 0.0 0.0 3.4 0.6 0.0 0.0 0.0 0.0 0.0 0.0 0.0 0.0 0.0 0.0 0.0 0.0 0.0 0.0 0.7142857142857143 0.0 0.0 0.0 0.0 4.0 0.0 0.0 0.0 0.0
0.0 0.0 0.0 0.0 0.0 0.0 20.000000000000007 0.0 0.0 0.0 0.0 0.4 3.6 0.0 0.0 0.0 0.0 0.0 0.0 0.0 0.0 0.0 0.0 19.999999999999982 0.0 0.0 0.0 0.0 0.0 0.0 0.0 4.0 0.0 0.0 0.0 0.0 0.0 0.0 0.0 0.0 0.0 20.000000000000007 0.0 0.0 0.0 0.0 0.0 0.0 0.0 0.0 0.0 0.0 4.0 0.0 0.0 0.0 0.0 0.0 0.0 0.0 0.0 0.0 0.0 0.0 0.0 0.0 0.7142857142857143 0.0 4.0 0.0 0.0 0.0 0.0 0.0 0.0 0.0 0.0 0.0 0.0 0.0 0.0 0.0 0.0 0.0 0.0 0.7142857142857143 0.0 0.0 0.0 0.0 0.0 0.0 4.0 0.0 0.0
0.0 0.0 0.0 0.0 0.0 0.0 0.0 0.0 0.0 0.7142857142857143 4.0 0.0 0.0 0.0 0.0 0.0 0.0 0.0 0.0 0.0 0.0 0.0 20.000000000000007 0.0 0.0 0.0 0.0 0.0 0.0 0.0 0.0 4.0 0.0 0.0 0.0 0.0 0.0 0.0 0.0 0.0 0.0 20.000000000000007 0.0 0.0 0.0 0.0 0.0 0.0 0.0 0.0 4.0 0.0 0.0 0.0 0.0 0.0 0.0 0.0 0.0 0.0 0.0 0.0 0.0 0.0 0.0 0.0 0.7142857142857143 0.0 4.0 0.0 0.0 0.0 0.0 0.0 0.0 0.0 0.0 0.0 0.0 0.0 0.0 0.0 0.0 0.0 0.0 0.7142857142857143 0.0 0.0 0.0 0.0 0.0 3.2 0.8 0.0 0.0
0.0 0.0 0.0 0.0 0.0 0.0 17.000000000000004 2.9999999999999973 0.0 0.0 0.4 3.6 0.0 0.0 0.0 0.0 0.0 0.0 0.0 0.0 0.0 0.0 0.0 0.0 0.0 0.0 15.999999999999986 4.000000000000005 0.0 0.0 4.0 0.0 0.0 0.0 0.0 0.0 0.0 0.0 0.0 0.0 0.0 6.000000000000002 3.9999999999999964 4.000000000000001 3.000000000000001 2.9999999999999973 0.0 0.0 0.0 0.0 1.6 0.4 0.2 0.0 0.8 1.0 0.0 0.0 0.0 0.0 0.0 0.0 0.0 0.0 0.0 6.000000000000008 0.5 0.0 0.0 4.0 0.0 0.0 0.0 0.0 0.0 0.0 0.0 0.0 0.0 0.0 0.0 0.0 0.0 0.0 0.0 0.7142857142857143 0.0 0.0 0.0 1.8 2.2 0.0 0.0 0.0 0.0
0.0 0.0 0.0 0.0 0.0 17.000000000000004 3.000000000000001 0.0 0.0 0.0 2.6 1.4 0.0 0.0 0.0 0.0 0.0 0.0 0.0 0.0 0.0 8.000000000000002 12.000000000000004 0.0 0.0 0.0 0.0 0.0 0.0 1.6 2.4 0.0 0.0 0.0 0.0 0.0 0.0 0.0 0.0 0.0 0.0 1.0000000000000002 18.999999999999982 0.0 0.0 0.0 0.0 0.0 0.0 0.0 4.0 0.0 0.0 0.0 0.0 0.0 0.0 0.0 0.0 0.0 0.0 0.0 0.0 0.0 19.999999999999982 0.0 0.0 0.0 0.0 4.0 0.0 0.0 0.0 0.0 0.0 0.0 2.25 4.000000000000001 0.0 0.0 0.0 1.0000000000000002 4.000000000000001 1.9999999999999982 0.0 0.0 0.0 0.0 0.0 0.0 0.8 0.6 0.0 0.0 0.21666666666666665
0.0 0.0 0.0 0.0 0.0 0.0 20.000000000000007 0.0 0.0 0.0 0.0 0.0 4.0 0.0 0.0 0.0 0.0 0.0 0.0 0.0 0.0 0.0 0.0 19.999999999999982 0.0 0.0 0.0 0.0 0.0 0.0 0.0 4.0 0.0 0.0 0.0 0.0 0.0 0.0 0.0 0.0 0.0 3.000000000000001 16.999999999999986 0.0 0.0 0.0 0.0 0.0 0.0 0.0 0.0 0.8 3.2 0.0 0.0 0.0 0.0 0.0 0.0 0.0 0.0 0.0 0.0 0.0 19.999999999999982 0.0 0.0 0.0 0.0 2.6 1.4 0.0 0.0 0.0 0.0 0.0 0.0 0.0 0.0 0.0 0.0 0.0 0.0 19.999999999999982 0.0 0.0 0.0 0.0 0.0 0.0 4.0 0.0 0.0 0.0 0.0
0.0 0.0 0.0 0.0 0.0 0.0 0.0 0.0 20.000000000000025 0.0 4.0 0.0 0.0 0.0 0.0 0.0 0.0 0.0 0.0 0.0 0.0 20.000000000000007 0.0 0.0 0.0 0.0 0.0 0.0 0.0 0.0 0.0 4.0 0.0 0.0 0.0 0.0 0.0 0.0 0.0 0.0 20.000000000000007 0.0 0.0 0.0 0.0 0.0 0.0 0.0 0.0 0.0 1.8 2.2 0.0 0.0 0.0 0.0 0.0 0.0 0.0 0.0 0.0 0.0 0.0 0.0 0.0 0.0 0.7142857142857143 0.0 4.0 0.0 0.0 0.0 0.0 0.0 0.0 0.0 0.0 0.0 0.0 0.0 0.0 0.0 0.0 0.0 0.0 0.7142857142857143 0.0 0.0 0.0 0.0 1.4 2.4 0.2 0.0 0.0
0.0 0.0 0.0 0.0 0.0 0.0 0.0 0.0 14.00000000000002 0.21428571428571427 4.0 0.0 0.0 0.0 0.0 0.0 0.0 0.0 0.0 0.75 14.000000000000004 3.000000000000001 0.0 0.0 0.0 0.0 0.0 0.0 0.0 0.0 0.0 3.4 0.6 0.0 0.0 0.0 0.0 0.0 0.0 2.0000000000000004 3.000000000000001 5.000000000000002 9.999999999999991 0.0 0.0 0.0 0.0 0.0 0.0 0.2 2.6 0.6 0.6 0.0 0.0 0.0 0.0 0.0 0.0 0.0 0.0 0.0 0.0 0.0 0.0 0.0 0.7142857142857143 0.2 3.8 0.0 0.0 0.0 0.0 0.0 0.0 0.0 0.0 0.0 0.0 0.0 0.0 0.0 0.0 0.0 0.0 0.7142857142857143 0.0 0.0 0.0 0.0 0.8 3.2 0.0 0.0 0.0
0.0 0.0 0.0 0.0 0.0 0.0 0.0 0.0 20.000000000000025 0.0 4.0 0.0 0.0 0.0 0.0 0.0 0.0 0.0 0.0 0.0 0.0 18.000000000000004 2.0000000000000004 0.0 0.0 0.0 0.0 0.0 0.0 0.0 0.0 4.0 0.0 0.0 0.0 0.0 0.0 0.0 0.0 0.0 0.0 20.000000000000007 0.0 0.0 0.0 0.0 0.0 0.0 0.0 0.0 0.0 4.0 0.0 0.0 0.0 0.0 0.0 0.0 0.0 0.0 0.0 0.0 0.0 0.0 0.0 0.0 0.7142857142857143 0.0 4.0 0.0 0.0 0.0 0.0 0.0 0.0 0.0 0.0 0.0 0.0 0.0 0.0 0.0 0.0 0.0 0.0 0.7142857142857143 0.0 0.0 0.0 0.0 0.0 4.0 0.0 0.0 0.0
0.0 0.0 0.0 0.0 0.0 0.0 0.0 19.999999999999982 0.0 0.0 4.0 0.0 0.0 0.0 0.0 0.0 0.0 0.0 0.0 0.0 1.0000000000000002 6.000000000000002 3.000000000000001 7.999999999999993 2.0000000000000004 0.0 0.0 0.0 0.0 0.0 0.0 2.8 1.2 0.0 0.0 0.0 0.0 0.0 0.0 0.0 6.000000000000002 14.000000000000004 0.0 0.0 0.0 0.0 0.0 0.0 0.0 0.0 4.0 0.0 0.0 0.0 0.0 0.0 0.0 0.0 0.0 0.0 0.0 0.0 0.0 0.0 0.0 0.0 0.7142857142857143 0.0 4.0 0.0 0.0 0.0 0.0 0.0 0.0 0.0 0.0 0.0 0.0 0.0 0.0 0.0 0.0 0.0 0.0 0.7142857142857143 0.0 0.0 0.0 0.0 0.0 3.6 0.4 0.0 0.0
0.0 0.0 0.0 0.0 0.0 0.0 0.0 0.0 20.000000000000025 0.0 0.0 0.0 4.0 0.0 0.0 0.0 0.0 0.0 0.0 0.0 4.000000000000001 7.000000000000002 6.000000000000002 2.9999999999999973 0.0 0.0 0.0 0.0 0.0 0.0 0.0 4.0 0.0 0.0 0.0 0.0 0.0 0.0 0.0 0.0 0.0 0.0 0.0 1.0000000000000002 19.000000000000004 0.0 0.0 0.0 0.0 0.0 2.4 1.6 0.0 0.0 0.0 0.0 0.0 0.0 0.0 0.0 0.0 0.0 0.0 0.0 0.0 0.0 0.7142857142857143 0.0 0.0 0.0 4.0 0.0 0.0 0.0 0.0 0.0 0.0 0.0 0.0 0.0 0.0 0.0 0.0 0.0 0.0 0.7142857142857143 0.0 0.0 0.0 0.0 3.8 0.2 0.0 0.0 0.0
0.0 0.0 0.0 0.0 0.0 0.0 20.000000000000007 0.0 0.0 0.0 0.0 4.0 0.0 0.0 0.0 0.0 0.0 0.0 0.0 0.0 4.000000000000001 3.000000000000001 11.000000000000004 1.9999999999999982 0.0 0.0 0.0 0.0 0.0 0.0 0.0 0.0 0.0 0.4 3.4 0.2 0.0 0.0 0.0 1.0000000000000002 0.0 9.000000000000002 4.999999999999996 5.000000000000002 0.0 0.0 0.0 0.0 0.0 0.0 1.0 1.0 0.8 1.0 0.0 0.0 0.016666666666666666 0.0 0.0 0.0 0.0 0.0 0.0 0.0 0.0 20.000000000000025 0.0 2.0 1.8 0.2 0.0 0.0 0.0 0.0 0.0 0.0 0.0 2.0000000000000004 13.000000000000004 2.0000000000000004 0.0 1.0000000000000002 1.0000000000000002 0.9999999999999991 0.0 0.0 0.0 0.0 0.0 0.0 0.4 0.4 3.2 0.0 0.0
0.0 0.0 0.0 0.0 0.0 0.0 0.0 0.0 1.0000000000000013 0.6785714285714286 4.0 0.0 0.0 0.0 0.0 0.0 0.0 0.0 0.0 0.0 0.0 10.000000000000004 10.000000000000004 0.0 0.0 0.0 0.0 0.0 0.0 0.0 0.2 3.8 0.0 0.0 0.0 0.0 0.0 0.0 0.0 0.0 0.0 4.000000000000001 15.999999999999986 0.0 0.0 0.0 0.0 0.0 0.0 0.0 3.8 0.2 0.0 0.0 0.0 0.0 0.0 0.0 0.0 0.0 0.0 0.0 0.0 0.0 0.0 0.0 0.7142857142857143 0.0 4.0 0.0 0.0 0.0 0.0 0.0 0.0 0.0 0.0 0.0 0.0 0.0 0.0 0.0 0.0 0.0 0.0 0.7142857142857143 0.0 0.0 0.0 0.0 0.0 0.2 3.8 0.0 0.0
0.0 0.0 0.0 0.0 0.0 0.0 0.0 19.999999999999982 0.0 0.0 0.0 4.0 0.0 0.0 0.0 0.0 0.0 0.0 0.0 0.0 0.0 20.000000000000007 0.0 0.0 0.0 0.0 0.0 0.0 0.0 0.0 0.6 3.4 0.0 0.0 0.0 0.0 0.0 0.0 0.0 0.0 0.0 0.0 19.999999999999982 0.0 0.0 0.0 0.0 0.0 0.0 0.0 1.4 2.6 0.0 0.0 0.0 0.0 0.0 0.0 0.0 0.0 0.0 0.0 0.0 0.0 0.0 0.0 0.7142857142857143 0.0 1.8 2.2 0.0 0.0 0.0 0.0 0.0 0.0 0.0 0.0 0.0 0.0 0.0 0.0 0.0 0.0 0.0 0.7142857142857143 0.0 0.0 0.0 0.6 3.4 0.0 0.0 0.0 0.0
0.0 0.0 0.0 0.0 0.0 0.0 0.0 0.0 0.0 0.7142857142857143 4.0 0.0 0.0 0.0 0.0 0.0 0.0 0.0 0.0 0.0 0.0 0.0 20.000000000000007 0.0 0.0 0.0 0.0 0.0 0.0 0.0 0.0 4.0 0.0 0.0 0.0 0.0 0.0 0.0 0.0 0.0 0.0 20.000000000000007 0.0 0.0 0.0 0.0 0.0 0.0 0.0 0.0 0.4 3.6 0.0 0.0 0.0 0.0 0.0 0.0 0.0 0.0 0.0 0.0 0.0 0.0 0.0 0.0 0.7142857142857143 0.0 4.0 0.0 0.0 0.0 0.0 0.0 0.0 0.0 0.0 0.0 0.0 0.0 0.0 0.0 0.0 0.0 0.0 0.7142857142857143 0.0 0.0 0.0 0.0 0.0 4.0 0.0 0.0 0.0
0.0 0.0 0.0 0.0 0.0 0.0 0.0 19.999999999999982 0.0 0.0 4.0 0.0 0.0 0.0 0.0 0.0 0.0 0.0 0.0 0.0 0.0 0.0 20.000000000000007 0.0 0.0 0.0 0.0 0.0 0.0 0.0 0.0 4.0 0.0 0.0 0.0 0.0 0.0 0.0 0.0 0.0 20.000000000000007 0.0 0.0 0.0 0.0 0.0 0.0 0.0 0.0 0.0 0.0 4.0 0.0 0.0 0.0 0.0 0.0 0.0 0.0 0.0 0.0 0.0 0.0 0.0 0.0 0.0 0.7142857142857143 0.0 4.0 0.0 0.0 0.0 0.0 0.0 0.0 0.0 0.0 0.0 0.0 0.0 0.0 0.0 0.0 0.0 0.0 0.7142857142857143 0.0 0.0 0.0 0.0 0.0 4.0 0.0 0.0 0.0
0.0 0.0 0.0 9.000000000000002 0.0 0.0 5.000000000000002 5.999999999999995 0.0 0.0 0.4 3.6 0.0 0.0 0.0 0.0 0.0 0.0 0.0 2.0 9.000000000000002 3.000000000000001 0.0 0.0 0.0 0.0 0.0 0.0 0.0 0.4 0.2 0.2 2.8 0.2 0.2 0.0 0.0 0.0 0.0 0.0 1.0000000000000002 0.0 1.9999999999999982 1.0000000000000002 1.0000000000000002 5.999999999999995 9.00000000000001 0.0 0.8 2.8 0.4 0.0 0.0 0.0 0.0 0.0 0.0 0.0 0.0 0.0 0.0 0.0 0.0 0.0 0.0 8.00000000000001 0.42857142857142855 3.2 0.4 0.4 0.0 0.0 0.0 0.0 0.0 0.0 0.0 0.0 0.0 0.0 0.0 0.0 0.0 0.0 9.00000000000001 0.3928571428571429 0.0 0.0 0.0 0.0 0.0 1.8 1.6 0.6 0.0
0.0 0.0 0.0 0.0 0.0 0.0 0.0 0.0 20.000000000000025 0.0 4.0 0.0 0.0 0.0 0.0 0.0 0.0 0.0 0.0 0.0 0.0 0.0 0.0 19.999999999999982 0.0 0.0 0.0 0.0 0.0 0.0 0.0 3.2 0.8 0.0 0.0 0.0 0.0 0.0 0.0 0.0 0.0 20.000000000000007 0.0 0.0 0.0 0.0 0.0 0.0 0.0 0.0 0.0 3.6 0.4 0.0 0.0 0.0 0.0 0.0 0.0 0.0 0.0 0.0 0.0 0.0 0.0 0.0 0.7142857142857143 0.0 4.0 0.0 0.0 0.0 0.0 0.0 0.0 0.0 0.0 0.0 0.0 0.0 0.0 20.000000000000007 0.0 0.0 0.0 0.0 0.0 0.0 0.0 0.0 0.0 0.0 0.0 4.0 0.0
0.0 0.0 0.0 0.0 0.0 0.0 0.0 0.0 0.0 0.7142857142857143 4.0 0.0 0.0 0.0 0.0 0.0 0.0 0.0 0.0 5.0 0.0 0.0 0.0 0.0 0.0 0.0 0.0 0.0 0.0 0.0 0.0 0.0 3.8 0.2 0.0 0.0 0.0 0.0 0.0 20.000000000000007 0.0 0.0 0.0 0.0 0.0 0.0 0.0 0.0 0.2 3.8 0.0 0.0 0.0 0.0 0.0 0.0 0.0 0.0 0.0 0.0 0.0 0.0 0.0 0.0 0.0 0.0 0.7142857142857143 0.0 4.0 0.0 0.0 0.0 0.0 0.0 0.0 0.0 0.0 0.0 0.0 0.0 0.0 0.0 0.0 0.0 0.0 0.7142857142857143 0.0 0.0 0.0 0.0 0.6 2.2 1.0 0.2 0.0
0.0 0.0 0.0 0.0 0.0 0.0 0.0 19.999999999999982 0.0 0.0 0.0 3.6 0.4 0.0 0.0 0.0 0.0 0.0 0.0 0.0 0.0 0.0 20.000000000000007 0.0 0.0 0.0 0.0 0.0 0.0 0.0 0.0 0.0 4.0 0.0 0.0 0.0 0.0 0.0 0.0 0.0 0.0 20.000000000000007 0.0 0.0 0.0 0.0 0.0 0.0 0.0 0.0 0.0 0.0 4.0 0.0 0.0 0.0 0.0 0.0 0.0 0.0 0.0 0.0 0.0 0.0 0.0 0.0 0.7142857142857143 0.0 0.0 4.0 0.0 0.0 0.0 0.0 0.0 0.0 0.0 0.0 0.0 0.0 0.0 0.0 0.0 0.0 0.0 0.7142857142857143 0.0 0.0 0.0 0.0 0.2 3.8 0.0 0.0 0.0
0.0 0.0 0.0 0.0 0.0 0.0 0.0 15.999999999999986 4.000000000000005 0.0 4.0 0.0 0.0 0.0 0.0 0.0 0.0 0.0 0.0 0.0 0.0 9.000000000000002 11.000000000000004 0.0 0.0 0.0 0.0 0.0 0.0 0.0 0.0 4.0 0.0 0.0 0.0 0.0 0.0 0.0 0.0 19.000000000000004 1.0000000000000002 0.0 0.0 0.0 0.0 0.0 0.0 0.0 0.0 0.0 0.0 0.6 3.4 0.0 0.0 0.0 0.0 0.0 0.0 0.0 0.0 0.0 0.0 0.0 0.0 0.0 0.7142857142857143 4.0 0.0 0.0 0.0 0.0 0.0 0.0 0.0 0.0 0.0 0.0 0.0 0.0 0.0 0.0 0.0 0.0 20.000000000000025 0.0 0.0 0.0 0.0 0.0 0.0 0.0 0.0 0.0 0.33333333333333337
0.0 0.0 0.0 0.0 0.0 0.0 20.000000000000007 0.0 0.0 0.0 0.0 0.0 4.0 0.0 0.0 0.0 0.0 0.0 0.0 0.0 0.0 20.000000000000007 0.0 0.0 0.0 0.0 0.0 0.0 0.0 0.0 0.0 4.0 0.0 0.0 0.0 0.0 0.0 0.0 0.0 0.0 0.0 20.000000000000007 0.0 0.0 0.0 0.0 0.0 0.0 0.0 0.0 3.6 0.4 0.0 0.0 0.0 0.0 0.0 0.0 0.0 0.0 0.0 0.0 0.0 0.0 0.0 0.0 0.7142857142857143 0.0 4.0 0.0 0.0 0.0 0.0 0.0 0.0 0.0 0.0 0.0 0.0 0.0 0.0 0.0 0.0 0.0 0.0 0.7142857142857143 0.0 0.0 0.0 0.0 0.0 0.0 0.0 0.0 0.33333333333333337
0.0 0.0 0.0 0.0 0.0 0.0 0.0 0.0 0.0 0.7142857142857143 4.0 0.0 0.0 0.0 0.0 0.0 0.0 0.0 0.0 0.0 7.000000000000002 9.000000000000002 2.0000000000000004 1.9999999999999982 0.0 0.0 0.0 0.0 0.0 0.0 0.0 0.8 1.2 1.0 1.0 0.0 0.0 0.0 0.0 9.000000000000002 3.000000000000001 1.0000000000000002 0.9999999999999991 1.0000000000000002 1.0000000000000002 3.9999999999999964 0.0 0.0 0.0 0.0 1.4 0.6 2.0 0.0 0.0 0.0 0.0 0.0 0.0 0.0 0.0 0.0 0.0 0.0 0.0 0.0 0.7142857142857143 0.2 3.8 0.0 0.0 0.0 0.0 0.0 0.0 0.0 0.0 0.0 0.0 0.0 0.0 0.0 0.0 0.0 0.0 0.7142857142857143 0.0 0.0 0.0 0.0 0.0 4.0 0.0 0.0 0.0
0.0 0.0 0.0 0.0 0.0 0.0 0.0 19.999999999999982 0.0 0.0 0.0 4.0 0.0 0.0 0.0 0.0 0.0 0.0 0.0 0.0 0.0 0.0 20.000000000000007 0.0 0.0 0.0 0.0 0.0 0.0 0.0 0.0 0.0 4.0 0.0 0.0 0.0 0.0 0.0 0.0 0.0 0.0 0.0 19.999999999999982 0.0 0.0 0.0 0.0 0.0 0.0 0.2 0.6 0.4 2.8 0.0 0.0 0.0 0.0 0.0 0.0 0.0 0.0 0.0 0.0 0.0 0.0 0.0 0.7142857142857143 0.0 0.0 4.0 0.0 0.0 0.0 0.0 0.0 0.0 0.0 0.0 0.0 0.0 0.0 0.0 0.0 0.0 0.0 0.7142857142857143 0.0 0.0 0.0 0.0 0.2 3.8 0.0 0.0 0.0
0.0 0.0 0.0 0.0 0.0 0.0 0.0 13.99999999999999 6.000000000000008 0.0 4.0 0.0 0.0 0.0 0.0 0.0 0.0 0.0 0.0 0.0 0.0 0.0 20.000000000000007 0.0 0.0 0.0 0.0 0.0 0.0 0.0 4.0 0.0 0.0 0.0 0.0 0.0 0.0 0.0 0.0 0.0 16.000000000000004 4.000000000000001 0.0 0.0 0.0 0.0 0.0 0.0 0.0 0.0 0.0 4.0 0.0 0.0 0.0 0.0 0.0 0.0 0.0 0.0 0.0 0.0 0.0 0.0 0.0 0.0 0.7142857142857143 0.0 4.0 0.0 0.0 0.0 0.0 0.0 0.0 0.0 0.0 0.0 0.0 0.0 0.0 0.0 0.0 0.0 0.0 0.7142857142857143 0.0 0.0 0.0 0.0 0.0 3.4 0.6 0.0 0.0
0.0 0.0 0.0 0.0 0.0 0.0 20.000000000000007 0.0 0.0 0.0 0.0 4.0 0.0 0.0 0.0 0.0 0.0 0.0 0.0 0.0 20.000000000000007 0.0 0.0 0.0 0.0 0.0 0.0 0.0 0.0 0.0 0.0 4.0 0.0 0.0 0.0 0.0 0.0 0.0 0.0 2.0000000000000004 12.000000000000004 6.000000000000002 0.0 0.0 0.0 0.0 0.0 0.0 0.0 0.0 1.0 3.0 0.0 0.0 0.0 0.0 0.0 0.0 0.0 0.0 0.0 0.0 0.0 0.0 0.0 0.0 0.7142857142857143 2.2 1.6 0.2 0.0 0.0 0.0 0.0 0.0 0.0 0.0 0.0 0.0 0.0 0.0 0.0 0.0 0.0 4.000000000000005 0.5714285714285714 0.0 0.2 2.2 0.2 0.0 0.0 0.0 0.2 0.1
0.0 0.0 0.0 0.0 0.0 0.0 0.0 0.0 19.000000000000025 0.03571428571428571 4.0 0.0 0.0 0.0 0.0 0.0 0.0 0.0 0.0 0.0 0.0 20.000000000000007 0.0 0.0 0.0 0.0 0.0 0.0 0.0 0.0 0.0 4.0 0.0 0.0 0.0 0.0 0.0 0.0 0.0 0.0 20.000000000000007 0.0 0.0 0.0 0.0 0.0 0.0 0.0 0.0 0.0 4.0 0.0 0.0 0.0 0.0 0.0 0.0 0.0 0.0 0.0 0.0 0.0 0.0 0.0 0.0 0.0 0.7142857142857143 0.0 4.0 0.0 0.0 0.0 0.0 0.0 0.0 0.0 0.0 0.0 0.0 0.0 0.0 0.0 0.0 0.0 2.0000000000000027 0.6428571428571429 0.0 0.0 0.0 0.0 1.8 0.4 0.2 1.2 0.03333333333333333
0.0 0.0 0.0 0.0 0.0 0.0 0.0 0.0 0.0 0.7142857142857143 4.0 0.0 0.0 0.0 0.0 0.0 0.0 0.0 0.0 0.0 0.0 0.0 20.000000000000007 0.0 0.0 0.0 0.0 0.0 0.0 0.0 0.0 4.0 0.0 0.0 0.0 0.0 0.0 0.0 0.0 0.0 0.0 20.000000000000007 0.0 0.0 0.0 0.0 0.0 0.0 0.0 0.0 0.0 4.0 0.0 0.0 0.0 0.0 0.0 0.0 0.0 0.0 0.0 0.0 0.0 0.0 0.0 0.0 0.7142857142857143 0.0 4.0 0.0 0.0 0.0 0.0 0.0 0.0 0.0 0.0 0.0 0.0 0.0 0.0 0.0 0.0 0.0 0.0 0.7142857142857143 0.0 0.0 0.0 0.0 0.0 3.8 0.2 0.0 0.0
0.0 0.0 0.0 0.0 0.0 0.0 6.000000000000002 13.99999999999999 0.0 0.0 4.0 0.0 0.0 0.0 0.0 0.0 0.0 0.0 0.0 0.0 0.0 0.0 0.0 0.0 0.0 3.000000000000001 0.9999999999999991 4.000000000000005 0.42857142857142855 0.0 0.0 0.8 1.8 0.6 0.4 0.4 0.0 0.0 0.0 0.0 0.0 0.0 0.0 0.0 0.0 0.9999999999999991 3.000000000000004 0.5714285714285714 0.0 0.0 0.0 0.4 3.6 0.0 0.0 0.0 0.0 0.0 0.0 0.0 0.0 0.0 0.0 0.0 0.0 0.0 0.7142857142857143 4.0 0.0 0.0 0.0 0.0 0.0 0.0 0.0 0.0 0.0 0.0 0.0 0.0 0.0 0.0 0.0 0.0 0.0 0.7142857142857143 0.0 0.0 0.0 0.0 0.0 4.0 0.0 0.0 0.0
0.0 0.0 0.0 0.0 0.0 0.0 1.0000000000000002 5.999999999999995 3.000000000000004 0.35714285714285715 4.0 0.0 0.0 0.0 0.0 0.0 0.0 0.0 0.0 0.0 5.000000000000002 8.000000000000002 6.000000000000002 0.9999999999999991 0.0 0.0 0.0 0.0 0.0 0.0 2.6 1.4 0.0 0.0 0.0 0.0 0.0 0.0 0.0 0.0 2.0000000000000004 6.000000000000002 11.99999999999999 0.0 0.0 0.0 0.0 0.0 0.0 0.0 2.2 1.8 0.0 0.0 0.0 0.0 0.0 0.0 0.0 0.0 0.0 0.0 0.0 0.0 0.0 0.0 0.7142857142857143 0.0 3.4 0.6 0.0 0.0 0.0 0.0 0.0 0.0 0.0 0.0 0.0 0.0 0.0 0.0 0.0 0.0 0.0 0.7142857142857143 0.0 0.0 0.0 0.0 0.6 0.8 0.4 0.2 0.16666666666666669
0.0 0.0 0.0 0.0 0.0 0.0 0.0 19.999999999999982 0.0 0.0 0.0 3.8 0.2 0.0 0.0 0.0 0.0 0.0 0.0 0.0 0.0 10.000000000000004 10.000000000000004 0.0 0.0 0.0 0.0 0.0 0.0 0.0 0.0 3.0 1.0 0.0 0.0 0.0 0.0 0.0 0.0 0.0 16.000000000000004 4.000000000000001 0.0 0.0 0.0 0.0 0.0 0.0 0.0 0.0 0.0 3.6 0.4 0.0 0.0 0.0 0.0 0.0 0.0 0.0 0.0 0.0 0.0 0.0 0.0 0.0 0.7142857142857143 0.0 4.0 0.0 0.0 0.0 0.0 0.0 0.0 0.0 0.0 0.0 0.0 0.0 0.0 0.0 0.0 0.0 0.0 0.7142857142857143 0.0 0.0 0.0 0.0 0.0 0.0 0.0 0.2 0.31666666666666665
0.0 0.0 0.0 0.0 0.0 0.0 0.0 19.999999999999982 0.0 0.0 0.0 4.0 0.0 0.0 0.0 0.0 0.0 0.0 0.0 0.0 0.0 0.0 0.0 11.99999999999999 8.000000000000002 0.0 0.0 0.0 0.0 0.0 0.0 4.0 0.0 0.0 0.0 0.0 0.0 0.0 0.0 0.0 0.0 1.0000000000000002 18.999999999999982 0.0 0.0 0.0 0.0 0.0 0.0 0.0 0.0 0.6 1.0 0.2 0.4 0.8 0.08333333333333334 0.0 0.0 0.0 0.0 0.0 0.0 0.0 0.0 0.0 0.7142857142857143 0.0 0.2 3.8 0.0 0.0 0.0 0.0 0.0 0.0 0.0 0.0 0.0 0.0 0.0 0.0 0.0 0.0 0.0 0.7142857142857143 0.0 0.0 0.0 0.0 4.0 0.0 0.0 0.0 0.0
0.0 0.0 0.0 0.0 0.0 0.0 4.000000000000001 15.999999999999986 0.0 0.0 0.0 0.0 4.0 0.0 0.0 0.0 0.0 0.0 0.0 0.0 1.0000000000000002 0.0 19.000000000000004 0.0 0.0 0.0 0.0 0.0 0.0 0.0 0.0 3.8 0.2 0.0 0.0 0.0 0.0 0.0 0.0 0.0 20.000000000000007 0.0 0.0 0.0 0.0 0.0 0.0 0.0 0.0 0.0 0.0 0.2 1.8 1.8 0.2 0.0 0.0 0.0 0.0 0.0 0.0 0.0 0.0 0.0 0.0 0.0 0.7142857142857143 0.2 3.8 0.0 0.0 0.0 0.0 0.0 0.0 0.0 0.0 0.0 0.0 0.0 0.0 0.0 0.0 0.0 0.0 0.7142857142857143 0.0 0.0 0.0 0.0 3.8 0.2 0.0 0.0 0.0
0.0 0.0 0.0 0.0 0.0 0.0 0.0 0.0 20.000000000000025 0.0 4.0 0.0 0.0 0.0 0.0 0.0 0.0 0.0 0.0 0.0 0.0 15.000000000000004 5.000000000000002 0.0 0.0 0.0 0.0 0.0 0.0 0.0 2.2 1.8 0.0 0.0 0.0 0.0 0.0 0.0 0.0 0.0 8.000000000000002 12.000000000000004 0.0 0.0 0.0 0.0 0.0 0.0 0.0 0.0 0.0 4.0 0.0 0.0 0.0 0.0 0.0 0.0 0.0 0.0 0.0 0.0 0.0 0.0 0.0 0.0 0.7142857142857143 0.0 4.0 0.0 0.0 0.0 0.0 0.0 0.0 0.0 0.0 0.0 0.0 0.0 0.0 0.0 0.0 0.0 0.0 0.7142857142857143 0.0 0.0 0.0 0.0 0.0 1.6 2.4 0.0 0.0
0.0 0.0 0.0 0.0 0.0 0.0 0.0 19.999999999999982 0.0 0.0 4.0 0.0 0.0 0.0 0.0 0.0 0.0 0.0 0.0 0.0 0.0 20.000000000000007 0.0 0.0 0.0 0.0 0.0 0.0 0.0 0.0 4.0 0.0 0.0 0.0 0.0 0.0 0.0 0.0 0.0 0.0 0.0 20.000000000000007 0.0 0.0 0.0 0.0 0.0 0.0 0.0 0.0 0.0 4.0 0.0 0.0 0.0 0.0 0.0 0.0 0.0 0.0 0.0 0.0 0.0 0.0 0.0 0.0 0.7142857142857143 0.0 4.0 0.0 0.0 0.0 0.0 0.0 0.0 0.0 0.0 0.0 0.0 0.0 0.0 0.0 0.0 0.0 0.0 0.7142857142857143 0.0 0.0 0.0 0.0 0.0 0.4 3.6 0.0 0.0
0.0 0.0 0.0 0.0 0.0 11.000000000000004 9.000000000000002 0.0 0.0 0.0 0.0 4.0 0.0 0.0 0.0 0.0 0.0 0.0 0.0 0.0 0.0 20.000000000000007 0.0 0.0 0.0 0.0 0.0 0.0 0.0 0.0 0.0 4.0 0.0 0.0 0.0 0.0 0.0 0.0 0.0 0.0 20.000000000000007 0.0 0.0 0.0 0.0 0.0 0.0 0.0 0.0 0.0 0.0 4.0 0.0 0.0 0.0 0.0 0.0 0.0 0.0 0.0 0.0 0.0 0.0 0.0 0.0 0.0 0.7142857142857143 0.0 4.0 0.0 0.0 0.0 0.0 0.0 0.0 0.0 0.0 0.0 0.0 0.0 0.0 0.0 0.0 0.0 0.0 0.7142857142857143 0.0 0.0 0.0 0.0 0.0 0.0 0.4 0.4 0.26666666666666666
0.0 0.0 0.0 0.0 0.0 0.0 0.0 0.0 20.000000000000025 0.0 0.0 4.0 0.0 0.0 0.0 0.0 0.0 0.0 0.0 0.0 0.0 0.0 0.0 0.0 20.000000000000007 0.0 0.0 0.0 0.0 0.0 0.0 0.0 4.0 0.0 0.0 0.0 0.0 0.0 0.0 0.0 0.0 0.0 2.9999999999999973 17.000000000000004 0.0 0.0 0.0 0.0 0.0 0.0 0.0 4.0 0.0 0.0 0.0 0.0 0.0 0.0 0.0 0.0 0.0 0.0 0.0 0.0 0.0 0.0 0.7142857142857143 0.0 0.0 4.0 0.0 0.0 0.0 0.0 0.0 0.0 0.0 0.0 0.0 0.0 0.0 0.0 0.0 0.0 0.0 0.7142857142857143 0.0 0.0 0.0 0.0 0.0 4.0 0.0 0.0 0.0
0.0 0.0 0.0 0.0 0.0 0.0 0.0 0.0 20.000000000000025 0.0 0.0 4.0 0.0 0.0 0.0 0.0 0.0 0.0 0.0 0.0 0.0 0.0 0.0 0.0 20.000000000000007 0.0 0.0 0.0 0.0 0.0 0.0 4.0 0.0 0.0 0.0 0.0 0.0 0.0 5.0 0.0 0.0 0.0 0.0 0.0 0.0 0.0 0.0 0.0 0.0 0.0 0.0 0.0 0.0 2.2 1.8 0.0 0.0 0.0 0.0 0.0 0.0 0.0 0.0 0.0 0.0 0.0 0.7142857142857143 4.0 0.0 0.0 0.0 0.0 0.0 0.0 0.0 0.0 0.0 0.0 0.0 0.0 0.0 0.0 0.0 0.0 0.0 0.7142857142857143 0.0 0.0 0.0 0.0 0.0 4.0 0.0 0.0 0.0
0.0 0.0 0.0 0.0 0.0 0.0 0.0 0.0 0.0 0.7142857142857143 4.0 0.0 0.0 0.0 0.0 0.0 0.0 0.0 0.0 0.0 0.0 0.0 20.000000000000007 0.0 0.0 0.0 0.0 0.0 0.0 0.0 0.0 4.0 0.0 0.0 0.0 0.0 0.0 0.0 0.0 0.0 3.000000000000001 17.000000000000004 0.0 0.0 0.0 0.0 0.0 0.0 0.0 0.0 0.0 4.0 0.0 0.0 0.0 0.0 0.0 0.0 0.0 0.0 0.0 0.0 0.0 0.0 0.0 0.0 0.7142857142857143 0.0 4.0 0.0 0.0 0.0 0.0 0.0 0.0 0.0 0.0 0.0 0.0 0.0 0.0 0.0 0.0 0.0 0.0 0.7142857142857143 0.0 0.0 0.0 0.0 1.4 2.2 0.4 0.0 0.0
0.0 0.0 0.0 0.0 0.0 0.0 0.0 0.0 0.0 0.7142857142857143 4.0 0.0 0.0 0.0 0.0 0.0 0.0 0.0 0.0 0.0 0.0 5.000000000000002 13.000000000000004 1.9999999999999982 0.0 0.0 0.0 0.0 0.0 0.0 0.8 3.2 0.0 0.0 0.0 0.0 0.0 0.0 0.0 0.0 7.000000000000002 12.000000000000004 0.9999999999999991 0.0 0.0 0.0 0.0 0.0 0.0 0.0 0.6 3.4 0.0 0.0 0.0 0.0 0.0 0.0 0.0 0.0 0.0 0.0 0.0 0.0 0.0 0.0 0.7142857142857143 0.0 4.0 0.0 0.0 0.0 0.0 0.0 0.0 0.0 0.0 0.0 0.0 0.0 0.0 0.0 0.0 0.0 0.0 0.7142857142857143 0.0 0.0 0.0 0.0 0.0 1.0 3.0 0.0 0.0
0.0 0.0 0.0 0.0 0.0 0.0 0.0 0.0 20.000000000000025 0.0 4.0 0.0 0.0 0.0 0.0 0.0 0.0 0.0 0.0 0.0 0.0 0.0 20.000000000000007 0.0 0.0 0.0 0.0 0.0 0.0 0.0 0.0 4.0 0.0 0.0 0.0 0.0 0.0 0.0 0.0 0.0 8.000000000000002 12.000000000000004 0.0 0.0 0.0 0.0 0.0 0.0 0.0 0.0 4.0 0.0 0.0 0.0 0.0 0.0 0.0 0.0 0.0 0.0 0.0 0.0 0.0 0.0 0.0 0.0 0.7142857142857143 0.0 4.0 0.0 0.0 0.0 0.0 0.0 0.0 0.0 0.0 0.0 0.0 0.0 0.0 0.0 0.0 0.0 0.0 0.7142857142857143 0.0 0.0 0.0 0.0 0.0 4.0 0.0 0.0 0.0
0.0 0.0 0.0 0.0 0.0 0.0 0.0 0.0 0.0 0.7142857142857143 0.0 4.0 0.0 0.0 0.0 0.0 0.0 0.0 0.0 0.0 0.0 0.0 2.0000000000000004 16.999999999999986 1.0000000000000002 0.0 0.0 0.0 0.0 0.0 0.0 0.0 3.4 0.2 0.2 0.2 0.0 0.0 0.0 0.0 0.0 19.000000000000004 0.9999999999999991 0.0 0.0 0.0 0.0 0.0 0.0 0.0 0.0 2.8 1.0 0.2 0.0 0.0 0.0 0.0 0.0 0.0 0.0 0.0 0.0 0.0 0.0 0.0 0.7142857142857143 0.0 0.0 4.0 0.0 0.0 0.0 0.0 0.0 0.0 0.0 0.0 0.0 0.0 0.0 0.0 0.0 0.0 0.0 0.7142857142857143 0.0 0.0 0.0 0.0 0.0 4.0 0.0 0.0 0.0
0.0 0.0 0.0 0.0 0.0 20.000000000000007 0.0 0.0 0.0 0.0 0.0 0.0 4.0 0.0 0.0 0.0 0.0 0.0 0.0 0.0 0.0 6.000000000000002 14.000000000000004 0.0 0.0 0.0 0.0 0.0 0.0 0.0 2.8 1.2 0.0 0.0 0.0 0.0 0.0 0.0 0.0 0.0 0.0 20.000000000000007 0.0 0.0 0.0 0.0 0.0 0.0 0.0 0.0 0.4 3.6 0.0 0.0 0.0 0.0 0.0 0.0 0.0 0.0 0.0 0.0 0.0 0.0 0.0 0.0 0.7142857142857143 0.0 4.0 0.0 0.0 0.0 0.0 0.0 0.0 0.0 0.0 0.0 0.0 0.0 0.0 0.0 0.0 0.0 0.0 0.7142857142857143 0.0 0.0 0.0 0.0 0.0 0.4 3.6 0.0 0.0
0.0 0.0 0.0 0.0 0.0 0.0 0.0 0.0 6.000000000000008 0.5 4.0 0.0 0.0 0.0 0.0 0.0 0.0 0.0 0.0 0.0 0.0 0.0 20.000000000000007 0.0 0.0 0.0 0.0 0.0 0.0 0.0 4.0 0.0 0.0 0.0 0.0 0.0 0.0 0.0 0.0 0.0 20.000000000000007 0.0 0.0 0.0 0.0 0.0 0.0 0.0 0.0 0.0 0.0 0.0 3.0 1.0 0.0 0.0 0.0 0.0 0.0 0.0 0.0 0.0 0.0 0.0 0.0 0.0 0.7142857142857143 4.0 0.0 0.0 0.0 0.0 0.0 0.0 0.0 0.0 0.0 0.0 0.0 0.0 0.0 0.0 0.0 0.0 0.0 0.7142857142857143 0.0 0.0 0.0 0.0 0.0 0.0 0.0 0.0 0.33333333333333337
0.0 0.0 0.0 0.0 0.0 0.0 0.0 0.0 0.0 0.7142857142857143 4.0 0.0 0.0 0.0 0.0 0.0 0.0 0.0 0.0 0.0 0.0 0.0 0.0 0.0 0.0 0.0 0.0 20.000000000000025 0.0 0.0 0.0 0.0 4.0 0.0 0.0 0.0 0.0 0.0 0.0 0.0 0.0 0.0 0.0 10.000000000000004 10.000000000000004 0.0 0.0 0.0 0.0 0.0 1.0 3.0 0.0 0.0 0.0 0.0 0.0 0.0 0.0 0.0 0.0 0.0 0.0 0.0 0.0 0.0 0.7142857142857143 0.0 4.0 0.0 0.0 0.0 0.0 0.0 0.0 0.0 0.0 0.0 0.0 0.0 0.0 0.0 0.0 0.0 0.0 0.7142857142857143 0.0 0.0 0.0 0.0 0.0 0.0 4.0 0.0 0.0
0.0 0.0 0.0 0.0 0.0 0.0 0.0 0.0 0.0 0.7142857142857143 4.0 0.0 0.0 0.0 0.0 0.0 0.0 0.0 0.0 0.0 0.0 0.0 20.000000000000007 0.0 0.0 0.0 0.0 0.0 0.0 0.0 0.0 0.0 0.0 0.0 0.0 0.0 4.0 0.0 0.0 0.0 0.0 0.0 19.999999999999982 0.0 0.0 0.0 0.0 0.0 0.0 0.0 0.0 0.8 3.2 0.0 0.0 0.0 0.0 0.0 0.0 0.0 0.0 0.0 0.0 0.0 0.0 0.0 0.7142857142857143 4.0 0.0 0.0 0.0 0.0 0.0 0.0 0.0 0.0 0.0 0.0 0.0 0.0 0.0 0.0 0.0 0.0 0.0 0.7142857142857143 0.0 0.0 0.0 0.0 0.0 0.0 4.0 0.0 0.0
